Sar2876 100 2026 03 07.9  10.7296 +25.2289 20.8 Updated Mar. 7.96 UT             5   0.03 23.7  0.136
Sar2875 100 2026 03 07.9  10.8483 +25.8910 20.6 Updated Mar. 7.96 UT             9   0.06 25.2  0.132
Sar2874 100 2026 03 07.8   9.8886 +20.7842 20.6 Updated Mar. 7.99 UT            17   0.08 27.7  0.150
A11yQ1b  86 2026 03 06.1  10.1258  +7.4724 18.3 Updated Mar. 7.94 UT       S    37   1.86 27.8  0.139
C45YVA1  94 2026 03 07.2   7.8628 +58.9351 19.6 Updated Mar. 7.97 UT            65   0.74 21.1  0.120
Sar2873  84 2026 03 06.9   0.4199 -32.2987 24.5 Updated Mar. 7.81 UT            32   0.92 31.6  0.277
Sar2872  74 2026 03 06.9  11.2309 +27.7633 20.1 Updated Mar. 7.96 UT            63   1.05 26.6  0.152
P22mlMi 100 2026 03 06.2   7.4393 +39.8131 21.4 Updated Mar. 6.55 UT             3   0.03 21.3  1.782
CE9NVU2  96 2026 03 06.4  13.1534 +48.0385 20.5 Updated Mar. 7.97 UT            16   1.56 21.6  0.111
ST26C03  98 2026 03 06.3  14.5301  -7.7966 20.2 Updated Mar. 6.48 UT       S     8   0.09 33.1  1.655
ST26C01 100 2026 03 06.2   7.4560  +3.5183 20.2 Updated Mar. 6.33 UT             4   0.04 21.9  1.772
P22ml2N  84 2026 03 05.6  14.2709 +33.7752 21.7 Updated Mar. 7.23 UT             3   0.03 17.6  2.432
CE9JNF2  96 2026 03 03.5  12.2798 +15.4626 21.2 Updated Mar. 7.41 UT            18   3.93 19.7  0.655
P22mjSY  63 2026 02 28.6  17.3831  -5.6201 21.5 Updated Mar. 7.52 UT            11   6.88 18.5  0.558
MDQH027  97 2026 02 19.8   9.9540  -5.7208 23.3 Updated Mar. 6.23 UT             6   4.03 24.5 12.242
P12miqm 100 2026 02 27.6  14.5404 -29.3570 21.3 Updated Mar. 7.23 UT             4   0.04 22.7  8.422
P22miaW  74 2026 02 27.6  11.7130  +0.7279 21.7 Updated Mar. 6.24 UT             7   0.76 20.1  7.716
P12mi6y  89 2026 02 27.6  15.8934  -9.8529 22.3 Updated Mar. 6.24 UT             6   0.73 20.2  7.712
C1CUXW5 100 2026 02 27.5  13.2084 +29.1031 22.3 Updated Mar. 7.24 UT            16   0.90 24.0  7.671
C1CU4G5  88 2026 02 27.4   1.0117 -29.4721 29.1 Updated Mar. 6.24 UT            18   0.96 28.8  7.719
SS26D01 100 2026 02 19.3  22.6641 -39.6632 27.2 Updated Mar. 6.23 UT             7   6.10 25.7 15.615
P12mbyo 100 2026 02 26.6  15.4008 -38.7611 21.1 Updated Mar. 7.24 UT            20  11.70 20.7  7.773
C1CP2K5 100 2026 02 26.5  11.9059 +20.0987 22.1 Updated Mar. 6.24 UT            12   1.95 23.5  7.646
C1CNVD5 100 2026 02 26.4  11.5684 +19.4111 22.4 Updated Mar. 7.24 UT             8   0.93 24.0  8.704
C1CNPC5 100 2026 02 26.4  11.5022 +23.5156 22.8 Updated Mar. 6.24 UT             8   0.02 12.2  9.612
C1CNHF5  95 2026 02 26.4  10.8629 +10.3063 23.4 Updated Mar. 7.24 UT            11   0.92 26.0  8.735
C1CNEU5 100 2026 02 26.4  10.3887 +11.0165 24.0 Updated Mar. 6.23 UT            11   1.06 25.4  8.597
C1CMXM5 100 2026 02 26.4  11.5585 +30.4727 23.2 Updated Mar. 7.23 UT            10   1.02 25.0  8.657
C1CM1G5  73 2026 02 26.3  10.3557 +35.5442 22.4 Updated Mar. 6.24 UT             4   0.02 15.9  9.758
MOK0002  96 2026 02 25.7   8.8701 +56.7832 18.6 Updated Mar. 6.24 UT             3   0.01 16.4 10.376
C1CLXN5  94 2026 02 26.3  11.5534 +48.2093 22.0 Updated Mar. 7.45 UT            15   9.14 26.1  0.630
C1CLG85 100 2026 02 26.3  10.4262 +15.5140 23.2 Updated Mar. 7.24 UT            12   0.97 25.8  8.830
oDM1186 100 2026 02 23.7   9.9524  +8.7206 23.3 Updated Mar. 6.24 UT             3   0.01 22.4 12.327
oDM0553 100 2026 02 23.7  10.0430  +9.9754 23.4 Updated Mar. 6.23 UT             6   0.02 22.7 12.321
C1CJ1E5 100 2026 02 25.5  14.5934 +38.8641 24.1 Updated Mar. 6.23 UT             8   0.09 25.5 10.519
C1CHY25  98 2026 02 25.4  12.7945  -3.8566 22.8 Updated Mar. 7.24 UT             8   0.09 26.9 10.570
C1CHM75  90 2026 02 25.4  11.9203 +34.3704 22.9 Updated Mar. 6.24 UT             7   2.11 17.7  8.590
A11yzTN  35 2026 02 11.8  12.7030  +6.3285 19.1 Updated Mar. 7.92 UT           205  75.26  9.2  0.179
C1CD665  86 2026 02 24.4  12.9620 +38.0896 23.3 Updated Mar. 7.24 UT            17   7.05 27.8  9.633
C1CC4M5  81 2026 02 24.3   9.6976  -2.7177 23.1 Updated Mar. 6.24 UT             7   0.11 16.8 11.639
C1CA1L5 100 2026 02 24.2   4.7279 +63.0647 23.0 Updated Mar. 7.24 UT            13   0.97 23.8 10.896
C1C7FZ5  91 2026 02 23.4  10.1788 +22.9565 23.1 Updated Mar. 6.24 UT            12   2.93 23.3  9.706
C1C7EZ5 100 2026 02 23.4   9.2404 +45.1824 21.9 Updated Mar. 7.23 UT            26  16.40 21.8  2.259
CE8AMJ2  49 2026 02 23.4  11.0782 +16.7856 21.8 Updated Mar. 7.24 UT            30   9.96 16.6  2.736
X89330   76 2026 02 19.8  12.5480  -5.0944 18.2 Updated Mar. 6.23 UT             3   0.03 14.5 16.266
X89255  100 2026 02 19.7  11.3240  +0.1990 17.8 Updated Mar. 7.23 UT             3   0.03 15.9 16.304
P12lwY3  35 2026 02 13.4  10.6404  +2.5507 19.9 Updated Mar. 7.83 UT           110  37.20 16.5  0.247
ZTF10BB 100 2026 02 03.3  20.5827 +23.6460 27.3 Updated Mar. 8.06 UT             8   1.03 25.7 32.789
C19RNP5  35 2026 01 15.5  17.7511 +45.7713 19.9 Updated Mar. 7.24 UT           100  44.98 13.3  6.542
P22bZYt  35 2025 07 26.3  15.5077 -37.1426 23.8 Updated Mar. 6.24 UT            19  38.99 17.2 194.756
