A11yeOi  98 2026 02 11.0  10.9730 -17.3427 19.4 Updated Feb. 11.56 UT           11   0.51 23.8  0.044
X88762  100 2026 02 10.7   8.2454 +24.1560 20.0 Updated Feb. 11.21 UT            9   0.53 24.5  0.401
DNA0004 100 2026 02 10.8  21.5468 +83.6728 19.0 Added Feb. 10.81 UT              3   0.00 21.5  0.845
ZTF10BR 100 2026 02 10.4  11.0351 -14.1709 19.9 Added Feb. 10.63 UT              4   0.00 28.4  1.175
CE6N622  93 2026 02 10.5  15.9143 +38.8484 20.0 Updated Feb. 11.44 UT           16   0.91 24.5  0.180
C45UDK1 100 2026 02 10.4  16.8091 -45.0218 21.9 Updated Feb. 10.47 UT      S     5   0.04 28.0  1.165
C45U9G1  98 2026 02 10.3  11.1440  +8.1505 18.2 Updated Feb. 11.27 UT      S    10   0.98 32.1  0.341
orA1505 100 2026 02 09.9   7.2195 +13.1908 21.1 Added Feb. 10.28 UT              3   0.02 20.0  1.655
MHF0960  88 2026 02 10.1   6.8417 +27.6127 20.3 Updated Feb. 11.11 UT           22   0.96 26.4  0.499
6B94321  91 2026 02 10.2   8.7265 -21.3511 19.2 Updated Feb. 11.47 UT           19   1.29 22.4  0.146
CE6HHU2 100 2026 02 10.1   3.4100 +38.4629 21.2 Updated Feb. 10.23 UT           13   0.11 21.0  1.375
ZTF10BU 100 2026 02 09.3  17.1810 -45.9686 23.3 Updated Feb. 11.22 UT            4   0.04 27.7  2.258
ZTF10BT 100 2026 02 09.3  14.6830 +19.7320 21.1 Updated Feb. 11.22 UT            4   0.01 27.9  2.323
ZTF10BQ 100 2026 02 09.1   6.9858 +24.2249 20.4 Updated Feb. 11.22 UT            4   0.11 23.9  2.356
CE6CU82  73 2026 02 09.3   8.5182  -7.1763 21.2 Updated Feb. 11.09 UT           25   1.75 22.8  0.541
C45TMR1  98 2026 02 09.3  20.9239 -35.8274 29.7 Updated Feb. 11.22 UT           17   0.27 29.8  2.024
ST26B26  98 2026 02 09.2  13.4102 -45.6610 21.6 Updated Feb. 11.22 UT           14   0.34 29.0  2.035
6B83821  10 2026 02 09.2   8.9858  -6.6871 19.9 Updated Feb. 10.91 UT           38  26.52 17.9  0.716
ST26B25  98 2026 02 09.2   0.4792 +33.1786 23.7 Updated Feb. 11.22 UT           11   0.35 30.0  2.100
ST26B24 100 2026 02 08.5  22.5167 -27.3739 31.9 Updated Feb. 10.23 UT            4   0.02 27.7  3.106
TF26B43 100 2026 02 08.5  11.0057 +16.9252 20.0 Updated Feb. 10.22 UT            2   0.00 24.7  3.127
ZTF10BN 100 2026 02 08.3   8.7567  +7.8156 20.3 Updated Feb. 10.23 UT            4   0.04 24.5  3.285
ZTF10BM 100 2026 02 08.3  10.9580  +1.9342 23.2 Updated Feb. 10.23 UT            4   0.00 30.0  3.343
ZTF10BL 100 2026 02 08.2   8.9505 +29.5391 20.3 Updated Feb. 10.22 UT            4   0.01 25.7  3.375
ZTF10BK 100 2026 02 08.3   3.5510 -54.8905 23.3 Updated Feb. 10.22 UT            6   0.05 25.7  3.268
TF26B34 100 2026 02 08.3   9.2534  +3.2296 21.1 Updated Feb. 10.24 UT            2   0.00 23.6  3.262
ST26B20  98 2026 02 08.3   8.5686 -66.1605 22.0 Updated Feb. 11.23 UT            9   1.06 28.4  2.264
C45TCR1  86 2026 02 08.4  22.5565 -21.5632 33.1 Updated Feb. 10.24 UT           16   0.63 30.0  2.612
ST26B16  98 2026 02 08.2  10.5796 +32.0777 24.1 Updated Feb. 10.23 UT           14   0.16 29.9  3.221
ZTF10BI 100 2026 02 07.1   3.1123 +38.5029 21.5 Updated Feb. 10.23 UT            4   0.00 22.5  4.482
TF26B20 100 2026 02 07.4   9.6252  +2.7835 20.0 Updated Feb. 10.23 UT            7   1.40 24.2  2.854
CE5VU72  33 2026 02 06.5  14.5515 +39.0537 21.7 Updated Feb. 10.66 UT           18  43.90 19.4  1.099
CE5KAW2 100 2026 02 06.4   9.6772 +44.6473 22.5 Updated Feb. 10.22 UT            7   0.07 26.3  5.162
CE59532  86 2026 02 06.3  19.9566 -11.3375 32.6 Updated Feb. 10.23 UT           32   1.00 31.2  4.314
P22lobA  10 2026 02 05.6  10.6270 +41.1049 20.4 Updated Feb. 10.35 UT           57   4.96 21.3  1.253
A11y70v 100 2026 02 04.6  16.1860 -23.5140 21.8 Updated Feb. 10.22 UT            6   0.03 25.0  6.937
ZTF10BB 100 2026 02 03.3  20.5081 +28.7430 26.5 Updated Feb. 11.60 UT            8   1.03 25.7  8.328
P22lbY0  35 2026 01 29.5  12.1024 +18.4001 19.6 Updated Feb. 11.38 UT           86  13.75 11.3  0.493
P22l8RK 100 2026 01 28.6  12.1008 -23.0792 22.0 Updated Feb. 10.23 UT            3   0.02 16.6 13.985
P22l8RJ  86 2026 01 28.6  12.9855 -22.0437 21.8 Updated Feb. 10.23 UT            6   1.14 19.4 12.876
P22l8OS 100 2026 01 28.4  19.7827 -35.3293 26.8 Updated Feb. 10.23 UT           18   2.91 25.1 11.304
P22l8O0  10 2026 01 28.5  11.1486 +12.3409 20.5 Updated Feb. 10.30 UT           40  12.76 19.0  1.308
P22l2g7  77 2026 01 27.6  10.6320 -23.3263 21.5 Updated Feb. 10.40 UT           21  13.79 21.7  1.225
P12l2fB  39 2026 01 27.6  13.4145 -39.0506 21.2 Updated Feb. 10.24 UT           11   9.64 18.2  5.333
P22l2fh  72 2026 01 27.5  11.6574 +30.3501 21.7 Updated Feb. 10.43 UT           24  13.92 22.3  1.191
P22l0lC  89 2026 01 27.4   8.2501 +23.0978 24.1 Updated Feb. 10.29 UT           24  13.91 24.1  1.322
P22kH7V  77 2026 01 19.4   8.6549 +34.6885 22.6 Updated Feb. 10.22 UT            6   1.10 18.9 22.099
C1AMPV5  10 2026 01 18.4   8.3990 +27.3259 22.9 Updated Feb. 10.24 UT           31  21.87 12.1  3.254
C19RNP5  35 2026 01 15.5  17.2729 +38.9302 20.2 Updated Feb. 10.53 UT           69  25.99 13.3  1.077
C19DCG5  10 2026 01 13.5  16.2086 +14.5819 21.6 Updated Feb. 10.51 UT           34  27.93 14.9  1.135
C19D505  10 2026 01 13.5   9.9985 +18.8797 20.6 Updated Feb. 10.29 UT           78  69.71 15.6  1.326
P12iFHr  10 2025 12 11.5   3.8380 +27.0943 23.0 Updated Feb. 11.22 UT           50  74.75 17.1  2.376
P22bZYt  35 2025 07 26.3  15.8923 -34.1040 24.0 Updated Feb. 10.24 UT           19  38.99 17.2 170.295
